3455668899TQA222D;4567789TTJQKKKAAX;3334456779TJJQKA2;8JQ
0,3;1,7;2,J;0,A;2,2;2,44;0,55;1,AA;0,22;0,66;1,KK;1,456789TJQK;1,T;0,J;1,X[-6 3 3]
0,66;1,AA;1,456789TJQ;1,KKK7;0,2223;0,55;2,77;0,99;0,J;1,X;0,D;0,8884;0,QQ;0,T;2,2;2,3335;2,A;2,K;0,A[6 -3 -3]

34557889TJJQQK22D;33456779TTJQKAAAA;3445678899TJQKK2X;662
0,5;1,7;2,K;2,3456789;2,89TJQK;2,2;2,4;0,6;2,X[-6 3 3]
0,6;1,7;2,2;2,3456789;2,89TJQK;2,4;0,J;2,K;1,AAAA;1,3;2,X[-12 6 6]

355578999TJKKKAXD;33446667889JJAA22;344578TTJQQQQKA22;67T
0,5553;1,6667;0,KKK7;0,6789TJ;0,T;2,2;2,TT;1,JJ;1,44;0,99;1,AA;0,XD;0,A[12 -6 -6]
0,3;1,7;2,2;2,TT;1,JJ;1,33;0,99;1,AA;1,44;0,55;1,88;0,TT;1,22;1,669[-6 3 3]

33344789TJQQKAA2D;3455666789TJJQA22;45567889TTJQKKA2X;79K
0,44;1,66;2,KK;0,AA;1,22;1,3456789T;1,5;2,A;0,2;2,X;2,Q;1,A;1,Q;0,K;2,2;2,55;0,QQ;0,9;2,T;0,K;0,789TJ;0,D;0,3337[6 -3 -3]
0,9;1,J;2,K;0,2;2,X;2,45678;0,789TJ;1,89TJQ;1,5;2,T;0,D;0,33344;1,66622;1,3;2,2;2,89TJQKA;2,5[-6 3 3]

344445666888JKKXD;33356779TTJJQQKAA;5778999TJQKAA2222;5TQ
0,6663;2,9995;2,8;0,T;2,A;2,TJQKA;0,4444;2,2222;2,77[-18 9 9]
0,6663;2,9995;2,8;0,J;2,A;2,TJQKA;2,77;0,KK;1,AA;2,2222[-12 6 6]

3447899TTTQKKKAXD;334555789JJQQKAA2;34566677889TJJQA2;622
0,3;1,7;2,A;0,2;0,9;1,K;2,2;2,345678;2,789TJQ;2,66;0,TT;1,JJ;1,3;2,J[-6 3 3]
0,9;1,2;1,5554;0,KKK3;0,Q;1,K;2,A;2,345678;2,6789TJQ;2,6;0,A;2,2;0,XD;0,44;1,QQ;0,22;0,6789T;0,TT[6 -3 -3]

33345677899K222XD;4455667889TQQKKA2;345789TTTJJQQKAAA;6JJ
0,6;1,8;2,A;0,2;0,7;1,A;0,2;0,456789;1,56789T;1,6;2,K;0,2;0,9;1,K;1,5;2,A;1,2;0,X;0,K;2,A;0,D;0,333JJ[6 -3 -3]
0,7;1,8;2,A;0,2;0,6;1,A;0,2;0,9;1,2;1,44;2,TT;0,JJ;1,QQ;1,55;1,6789T;1,KK;0,XD;0,56789;2,789TJ;2,3;0,K;2,A;0,2;0,3334[12 -6 -6]

33345569QQKAAA22D;4455667779TJJQKA2;34788889TTTJJQKKX;692
0,33355;2,TTTJJ;0,AAA66;0,99;2,KK;2,9;0,K;1,2;0,D;0,4;1,J;2,Q;0,2;2,X;2,348888;2,7[-6 3 3]
0,55;2,JJ;0,QQ;2,KK;2,3;0,4;1,J;2,Q;0,2;2,X;0,D;0,33366;2,TTT88;0,AAA99;0,2;0,K[6 -3 -3]

3334455568899QKAD;66677789TJJJQKKA2;345789TTTJQQKA22X;4A2
0,6;1,J;0,Q;1,2;1,89TJQKA;1,666777JK[-6 3 3]
0,88;1,JJ;0,AA;2,22;2,3;0,Q;1,K;2,X;0,D;0,33344455569K;0,2;0,9[6 -3 -3]

4455677889TJJQKK2;33566778899TJQA22;344569TTJQQKKAAA2;3XD
0,4;1,A;0,2;0,345678;1,6789TJ;0,789TJQ;2,9TJQKA;2,44;0,KK;1,22;1,33;1,56789;1,Q[-6 3 3]
0,4;1,A;1,56789;1,6789TJQ;0,789TJQK;0,345678;2,9TJQKA;2,44;2,K;1,2;0,D;0,J;1,2;0,X;0,5;2,2;2,Q;0,2;0,K[6 -3 -3]

33568999TTTJQKA2X;34456889TJQQKAA22;34455677778JQKKAD;6J2
0,33;2,KK;2,J;0,A;1,2;1,5;2,6;0,8;2,Q;0,K;2,A;0,X;0,999TTT5Q;0,66;1,AA;1,3;2,8;0,2;2,D;2,44;0,JJ;1,QQ;2,7777;2,55;2,3[-12 6 6]
0,33;1,44;2,KK;2,A;2,345678;0,89TJQK;1,9TJQKA;1,3;2,Q;2,7774;2,J;0,A;2,D;2,5[-6 3 3]

345567889TTQAAA2X;344556699JJQKKK2D;33467789TTJJQKA22;78Q
0,34567;2,TJQKA;2,33;0,TT;1,JJ;0,QQ;2,22;2,6789TJ;2,4;0,7;1,D;1,3;2,7[-6 3 3]
0,88;1,99;0,TT;1,JJ;0,QQ;0,3456789;2,6789TJQ;2,K;0,2;1,D;1,KKK3;0,AAA5;0,7;0,X[6 -3 -3]

33556789TTTQAA222;44457778JJJQKKKAX;3345666899TJQKA2D;89Q
0,33;2,99;0,QQ;0,55;0,88;0,99;0,AA;0,TTT6;1,JJJQ;0,2227[6 -3 -3]
0,8;1,A;0,2;1,X;1,4445;0,TTT5;1,JJJ8;1,777Q;1,KKK[-6 3 3]

34678899TTKKKAA2D;445566779TJQQQKAX;34556788TJJJQA222;339
0,4;1,X;0,D;0,88;1,QQ;0,AA;2,22;2,34567;1,TJQKA;1,44556677;1,9[-6 3 3]
0,3334;2,JJJ5;0,KKK6;2,222T;2,345678;1,9TJQKA;1,44556677;1,QQ;0,AA;0,9997;0,88;0,TT;0,D;0,2[6 -3 -3]

45566888TTJJQK2XD;33345677999JQKAA2;34456789TTJQQKA22;7KA
0,4;1,7;2,Q;0,A;1,2;1,33;0,55;1,AA;1,34567;1,999J;1,Q;0,2;0,8887;0,66;2,22;0,XD;0,TT;0,JJ;0,KK;0,Q[12 -6 -6]
0,5;1,7;2,2;2,3456789T;2,TJQKA;2,4;0,A;2,2;0,D;0,Q;1,2;0,X;0,6;2,Q[-6 3 3]

3444567889TQK2222;345789TTJJQQQKKAA;3355667899TJKAAXD;67J
0,345678;1,789TJQ;1,4;2,K;0,2;0,6789TJQK;0,22244[6 -3 -3]
0,345678;1,789TJQ;1,3;2,9;0,K;1,A;1,4;2,6;1,Q;2,K;2,6789TJ;0,789TJQ;0,44;2,55;2,AA;2,33;2,XD[-12 6 6]

3445589TTJJQKA2XD;3356677799JQQQKA2;344567889TTJKKA22;68A
0,3;1,5;2,A;0,2;0,44;1,66;2,KK;2,T;0,J;1,K;1,J;1,A;0,X;0,55;1,99;0,AA;2,22;2,44;2,56789TJ;2,3;0,8;0,T;1,Q;0,D;0,89TJQK;0,6[6 -3 -3]
0,3;1,5;2,A;2,3456789TJ;2,4;0,6;1,J;2,2;0,D;0,T;1,K;1,33;2,KK;0,AA;0,44;1,66;0,88;1,99;1,777A;1,QQQ2[-6 3 3]

3336889TTTJQK222X;444556789TJQKKA2D;4556677799JJQQKAA;38A
0,9TJQKA;0,8886;0,222TT;0,X;1,D;0,3333[12 -6 -6]
0,8886;0,9TJQKA;0,222TT;0,3333;0,X[18 -9 -9]

3355689TTJQKKA2XD;33566677889TJJQA2;444457799JQQKKA22;8TA
0,33;2,77;0,88;2,99;0,TT;2,QQ;0,AA;2,22;2,J;0,K;2,A;0,2;0,9TJQK;0,6;1,2;0,XD;0,55[12 -6 -6]
0,33;2,77;0,TT;2,QQ;0,AA;2,22;2,99;2,KK;2,5;0,6;2,A;0,2;2,4444;0,XD;0,55;0,KK;0,89TJQ;0,8[18 -9 -9]

455667789TTJJK22D;33356778899JKAAA2;44569TTJQQQQKKA2X;348
0,345678;0,456789;0,TT;2,KK;0,22;0,JJ;1,AA;1,3335;1,77;1,J;2,2;2,A;1,2;0,D;2,QQQQ;2,44;1,88;1,99;1,A;1,K;1,6[-12 6 6]
0,345678;0,456789;0,TT;2,KK;0,22;2,QQQQ;2,A;2,J;0,K;1,2;0,D;0,JJ[12 -6 -6]

334777899TTJKA2XD;3345668889JQQQK22;45556679TTJJQKAA2;4KA
0,33;1,66;2,JJ;0,KK;2,AA;2,K;0,2;0,44;2,TT;0,AA;1,22;1,4;2,9;0,J;1,K;0,X;0,8;1,9;0,T;1,J;1,8885;1,QQQ33[-6 3 3]
0,33;1,66;2,AA;2,2;2,555;0,777;0,44;2,JJ;0,KK;1,22;1,4;2,K;0,2;0,99;2,TT;2,Q;0,A;0,8;1,J;0,A;0,TT;1,QQ;0,XD;0,J[12 -6 -6]

445668JQQQKKAA22D;333455677899TTJ2X;3456778899TJJKAA2;TQK
0,5;1,9;2,K;0,2;1,X;0,D;0,8;1,T;2,2;2,3456789;2,789TJ;2,AA;0,QQQQ;0,44;1,77;0,AA;0,66;0,KKKT;0,2;0,J[12 -6 -6]
0,44;2,AA;2,3456789;2,789TJ;2,J;0,2;1,X;0,D;0,66;1,77;0,AA;0,KKK5;0,2;0,QQQQ8T;0,J[6 -3 -3]

3344569999TTJQA2X;3556678TTJQKKAA22;445777888JJQQKK2D;36A
0,5;1,7;2,D;2,JJQQKK;2,77788852;0,9999;0,33344;0,66;1,TT;0,AA;1,22;1,Q;0,2;0,J;1,A;1,A;0,X;0,Q;1,K;1,8;1,3;1,5;1,5;1,J;1,K;1,66[-12 6 6]
0,44;1,55;0,66;1,TT;1,66;0,TT;1,KK;0,AA;1,22;1,3;2,2;0,X;2,D;2,7778885J;2,QQ;0,9999;0,J;1,A;0,2;0,3335;0,Q[12 -6 -6]

33455679TTQAA222D;4445667899JQQKA2X;356778889TTJJJQKK;3KA
0,34567;1,56789;1,6;2,K;0,2;1,X;1,J;2,K;0,2;0,5;1,9;2,Q;0,K;1,A;0,2;0,33;1,QQ;1,444K;0,AAA9;0,TT;2,JJ;2,3;0,D;0,Q[6 -3 -3]
0,9;1,J;2,K;0,2;1,X;1,6;2,K;0,A;1,2;0,D;0,34567;1,56789;1,4449;1,QQ;0,AA;0,Q;1,K;0,2;0,33;2,88;0,TT;0,K;1,A[-6 3 3]

